0,17
1,3
2,1
3,-2
4,-10
5,7
6,-8
7,2
8,-18
9,4
10,8
11,-8
12,10
13,3
14,18
15,-6
16,-9
17,15
18,-4
19,-17
20,3
21,7
22,-15
23,-12
24,11
25,-16
26,-10
27,8
28,16
29,-20
30,-19
31,-14
32,-6
33,-4
34,16
35,10
36,-20
37,8
38,3
39,-4
40,19
41,-15
42,-1
43,7
44,9
45,2
46,-1
47,3
48,13
49,14
50,6
51,3
52,10
53,18
54,9
55,-7
56,2
57,-1
58,1
59,17
60,-2
61,18
62,-20
63,4
64,14
65,-18
66,7
67,-4
68,0
69,11
70,-12
71,12
72,-20
73,-7
74,-2
75,-16
76,3
77,-3
78,12
79,-7
80,-4
81,-1
82,-4
83,-3
84,-9
85,-19
86,-6
87,5
88,7
89,-4
90,9
91,12
92,0
93,-13
94,18
95,-1
96,-5
97,-8
98,-19
99,12
100,5
101,-11
102,14
103,-8
104,-19
105,-15
106,-20
107,3
108,10
109,1
110,-9
111,-18
112,15
113,9
114,-7
115,11
116,-15
117,-12
118,-1
119,19
120,-11
121,0
122,2
123,-2
124,3
125,-9
126,-9
127,-14
128,18
129,16
130,13
131,13
132,-8
133,-3
134,-12
135,-7
136,-14
137,-15
138,-1
139,-13
140,-16
141,7
142,12
143,-20
144,-2
145,-7
146,-20
147,14
148,12
149,-13
150,-4
151,-2
152,-2
153,-4
154,-7
155,9
156,2
157,0
158,-18
159,-5
160,0
161,-1
162,-3
163,-16
164,10
165,3
166,4
167,-14
168,-13
169,-17
170,-9
171,15
172,8
173,-14
174,3
175,-14
176,-18
177,-15
178,-3
179,-3
180,-5
181,6
182,-11
183,-19
184,7
185,-10
186,-11
187,5
188,16
189,15
190,-7
191,-5
192,3
193,-5
194,7
195,-2
196,-7
197,-18
198,-6
199,-2
200,1
201,-12
202,10
203,-8
204,12
205,-17
206,17
207,7
208,-17
209,-10
210,-6
211,19
212,17
213,-10
214,7
215,-1
216,-15
217,-12
218,-12
219,-15
220,9
221,1
222,-5
223,-20
224,13
225,-6
226,-9
227,16
228,-6
229,12
230,4
231,-16
232,1
233,-18
234,2
235,-12
236,1
237,11
238,-5
239,-14
240,9
241,17
242,9
243,-10
244,17
245,-2
246,2
247,-7
248,10
249,16
250,11
251,18
252,3
253,-7
254,-5
255,-9
256,17
257,-19
258,2
259,19
260,0
261,-4
262,-6
263,-1
264,8
265,-17
266,-1
267,-5
268,-2
269,-16
270,-8
271,16
272,-5
273,14
274,-20
275,7
276,11
277,-1
278,18
279,-14
280,0
281,11
282,10
283,12
284,1
285,-13
286,-14
287,-16
288,18
289,10
290,18
291,16
292,-20
293,17
294,16
295,-14
296,-14
297,0
298,-13
299,-9
300,-14
301,-18
302,-19
303,-15
304,-3
305,5
306,5
307,-14
308,-20
309,9
310,19
311,1
312,5
313,-13
314,19
315,14
316,7
317,-8
318,18
319,-15
320,-18
321,-14
322,8
323,8
324,17
325,15
326,-20
327,2
328,11
329,15
330,-14
331,-12
332,11
333,12
334,6
335,-8
336,3
337,-20
338,18
339,18
340,-15
341,0
342,16
343,0
344,12
345,-9
346,7
347,12
348,-7
349,-20
350,-7
351,-20
352,1
353,5
354,-7
355,16
356,-6
357,-11
358,-8
359,4
360,-12
361,-12
362,-13
363,-5
364,13
365,12
366,-17
367,1
368,17
369,-20
370,-19
371,-20
372,15
373,-8
374,11
375,-20
376,-3
377,-8
378,-18
379,-9
380,1
381,-11
382,9
383,13
384,9
385,-1
386,0
387,-13
388,-15
389,8
390,-6
391,-11
392,-14
393,-1
394,-18
395,9
396,1
397,-6
398,14
399,18
400,-18
401,-3
402,13
403,19
404,-11
405,1
406,6
407,15
408,17
409,1
410,-18
411,1
412,-15
413,-9
414,-19
415,-2
416,5
417,13
418,-2
419,17
420,3
421,-3
422,10
423,16
424,7
425,4
426,-3
427,-10
428,19
429,18
430,-9
431,-15
432,-5
433,7
434,-5
435,15
436,-7
437,-11
438,4
439,1
440,-18
441,15
442,18
443,-5
444,19
445,12
446,-2
447,-10
448,9
449,-11
450,16
451,16
452,-14
453,-6
454,19
455,17
456,1
457,-1
458,-1
459,-12
460,6
461,4
462,13
463,-4
464,-13
465,0
466,-13
467,4
468,-11
469,13
470,19
471,8
472,1
473,-14
474,0
475,-8
476,19
477,-10
478,-10
479,-6
480,0
481,-18
482,9
483,1
484,-9
485,-11
486,-4
487,10
488,1
489,-5
490,6
491,-14
492,9
493,1
494,18
495,-7
496,18
497,-13
498,19
499,-1
500,3
501,17
502,8
503,15
504,18
505,18
506,11
507,-3
508,-2
509,2
510,-19
511,18
512,-9
513,-13
514,-20
515,-20
516,1
517,18
518,-6
519,0
520,10
521,-9
522,-6
523,1
524,3
525,18
526,10
527,-10
528,-7
529,6
530,10
531,14
532,11
533,-9
534,0
535,1
536,-14
537,2
538,-17
539,4
540,-13
541,-19
542,-5
543,15
544,15
545,14
546,7
547,3
548,14
549,-11
550,10
551,10
552,-6
553,9
554,4
555,-7
556,-11
557,-18
558,-15
559,3
560,-1
561,-15
562,-3
563,19
564,-18
565,5
566,16
567,9
568,8
569,-13
570,-12
571,-10
572,18
573,-5
574,11
575,-3
576,11
577,-8
578,3
579,0
580,5
581,0
582,10
583,13
584,-12
585,11
586,-7
587,6
588,5
589,-6
590,-13
591,17
592,11
593,-3
594,8
595,-14
596,-16
597,16
598,4
599,14
600,7
601,-2
602,-13
603,8
604,-16
605,7
606,-16
607,2
608,-15
609,-9
610,-7
611,-9
612,7
613,12
614,14
615,-14
616,-10
617,-17
618,19
619,-15
620,-3
621,-17
622,-15
623,-20
624,-7
625,11
626,-13
627,5
628,-14
629,-1
630,-2
631,-17
632,-8
633,-16
634,8
635,12
636,12
637,-18
638,-1
639,-6
640,-2
641,-15
642,16
643,13
644,-10
645,6
646,-5
647,3
648,-17
649,-18
650,16
651,-3
652,11
653,6
654,6
655,-5
656,9
657,7
658,-7
659,-18
660,2
661,13
662,2
663,-8
664,13
665,4
666,3
667,-13
668,-3
669,-8
670,0
671,17
672,10
673,4
674,17
675,-13
676,-20
677,4
678,17
679,-9
680,-2
681,-20
682,6
683,-17
684,-14
685,-17
686,-12
687,-1
688,17
689,19
690,19
691,6
692,6
693,-14
694,-18
695,-3
696,4
697,13
698,1
699,-20
700,14
701,0
702,8
703,-5
704,-17
705,-9
706,-6
707,-2
708,-14
709,6
710,19
711,-12
712,-20
713,18
714,9
715,-20
716,-18
717,7
718,-19
719,-15
720,7
721,9
722,-4
723,19
724,-5
725,-6
726,-12
727,14
728,7
729,-6
730,16
731,6
732,-17
733,3
734,-12
735,7
736,7
737,8
738,16
739,12
740,-11
741,-20
742,-18
743,17
744,-18
745,-2
746,-20
747,-14
748,14
749,-2
750,-7
751,-16
752,4
753,-14
754,4
755,-17
756,-19
757,-8
758,-1
759,-17
760,-4
761,-11
762,16
763,-8
764,-16
765,14
766,-17
767,-8
768,-7
769,9
770,-2
771,-16
772,-10
